test

hold <- 

service_list <- c("P1.2" = 141, "R14.2" = 142, "W1.2" = 143, "V2.2" = 144, 
                  "W2.2" = 151, "V3.3" = 152, "P2.2" = 161, "4.14" = 200,
                  "V8.2" = 210, "C2.2" = 300)




"C2.2"  "P1.2"  "P2.2"  "R14.2" "V2.2"  "V3.3"  "V8.2"  "W1.2"  "W2.2" 
  "W2.2"  "4.14"  